# 
#  Date? 
# 
32.000  16.000  11.000  22.000  23.000
19.000  31.000  25.000  24.000  23.000
21.000  22.000  33.000  27.000  26.000
28.000  30.000  21.000  30.000  14.000
17.000  30.000  17.000  13.000  16.000
32.000  32.000  12.000  14.000  28.000
28.000  30.000  16.000  23.000  34.000
29.000  29.000  10.000  26.000  21.000
21.000  14.000  34.000  32.000  23.000
15.000  18.000  15.000  11.000  24.000
29.000  31.000  10.000  24.000  11.000
29.000  25.000  17.000  14.000  32.000
28.000  22.000  15.000  33.000  22.000
24.000  15.000  12.000  27.000  20.000
11.000  34.000  20.000  25.000  23.000
29.000  12.000  18.000  11.000  17.000
25.000  32.000  12.000  22.000  33.000
28.000  32.000  27.000  15.000  22.000
25.000  30.000  35.000  16.000  29.000
35.000  32.000  17.000  31.000  20.000
35.000  10.000  15.000  10.000  20.000
35.000  23.000  19.000  16.000  35.000
28.000  27.000  18.000  29.000  17.000
18.000  29.000  28.000  25.000  25.000
24.000  12.000  20.000  11.000  35.000
10.000  32.000  12.000  11.000  15.000
18.000  21.000  10.000  24.000  34.000
26.000  19.000  15.000  28.000  14.000
31.000  35.000  22.000  19.000  12.000
31.000  33.000  24.000  30.000  30.000
30.000  19.000  29.000  18.000  11.000
21.000  20.000  17.000  26.000  32.000
19.000  11.000  33.000  30.000  33.000
26.000  33.000  35.000  20.000  19.000
11.000  18.000  24.000  18.000  34.000
20.000  10.000  11.000  19.000  22.000
13.000  13.000  29.000  18.000  29.000
23.000  17.000  15.000  35.000  33.000
27.000  11.000  22.000  31.000  18.000
17.000  21.000  30.000  12.000  33.000
34.000  32.000  21.000  26.000  30.000
30.000  22.000  34.000  30.000  29.000
31.000  12.000  32.000  20.000  16.000
22.000  25.000  15.000  34.000  17.000
35.000  34.000  27.000  10.000  15.000
13.000  19.000  10.000  24.000  12.000
31.000  24.000  30.000  11.000  34.000
33.000  19.000  25.000  13.000  17.000
25.000  30.000  16.000  13.000  26.000
14.000  12.000  35.000  34.000  25.000
33.000  28.000  18.000  31.000  28.000
23.000  29.000  13.000  21.000  29.000
17.000  12.000  18.000  28.000  20.000
28.000  24.000  31.000  27.000  10.000
28.000  17.000  10.000  15.000  32.000
25.000  30.000  34.000  28.000  22.000
33.000  12.000  18.000  33.000  29.000
15.000  21.000  20.000  31.000  24.000
34.000  12.000  15.000  14.000  34.000
32.000  32.000  23.000  25.000  33.000
18.000  25.000  16.000  24.000  30.000
20.000  13.000  12.000  15.000  17.000
28.000  15.000  24.000  24.000  22.000
21.000  16.000  19.000  32.000  31.000
22.000  33.000  19.000  29.000  18.000
16.000  17.000  18.000  25.000  33.000
19.000  14.000  26.000  14.000  16.000
29.000  22.000  15.000  30.000  25.000
15.000  11.000  35.000  13.000  20.000
20.000  16.000  34.000  21.000  24.000
33.000  28.000  27.000  19.000  18.000
23.000  27.000  24.000  13.000  13.000
17.000  28.000  24.000  11.000  35.000
18.000  18.000  29.000  24.000  35.000
28.000  12.000  23.000  27.000  29.000
16.000  29.000  21.000  23.000  17.000
32.000  29.000  29.000  12.000  16.000
27.000  15.000  12.000  31.000  24.000
34.000  30.000  17.000  31.000  11.000
34.000  25.000  34.000  19.000  10.000
23.000  12.000  15.000  24.000  30.000
16.000  28.000  22.000  21.000  14.000
34.000  30.000  24.000  29.000  21.000
12.000  31.000  27.000  25.000  23.000
13.000  10.000  23.000  31.000  25.000
21.000  24.000  35.000  31.000  14.000
10.000  18.000  17.000  10.000  14.000
14.000  19.000  14.000  30.000  18.000
19.000  30.000  13.000  30.000  26.000
28.000  34.000  25.000  13.000  13.000
14.000  30.000  19.000  31.000  32.000
23.000  15.000  33.000  10.000  20.000
22.000  35.000  32.000  21.000  27.000
29.000  20.000  17.000  16.000  29.000
14.000  33.000  22.000  28.000  29.000
16.000  26.000  14.000  28.000  28.000
18.000  23.000  15.000  26.000  10.000
24.000  31.000  26.000  21.000  14.000
22.000  34.000  18.000  27.000  19.000
35.000  13.000  17.000  12.000  33.000
